5942.78 
5785.63 
5995.21 
5869.42 
6174.23 
6106.18 
6042.69 
5867.10 
6006.77 
5684.29 
5945.68 
5923.21 
5565.48 
5502.47 
4878.74 
5505.02 
5157.87 
6367.26 
5641.80 
5945.28 
5587.26 
5562.14 
5501.20 
5378.78 
5328.11 
5822.51 
5645.62 
5888.29 
5702.71 
5693.92 
5799.78 
5984.41 
5755.59 
6001.15 
5838.03 
5686.81 
5835.83 
5908.41 
6118.72 
6303.13 
6220.48 
6141.03 
6218.74 
6145.25 
6297.09 
6189.55 
6085.94 
6131.25 
6046.18 
6243.30 
6147.18 
6108.70 
6064.09 
6198.56 
6227.75 
6181.68 
6105.49 
6288.50 
6177.96 
6246.51 
6220.06 
6267.58 
6097.85 
6314.51 
6124.32 
6158.77 
6133.24 
6380.06 
6440.85 
6386.99 
6522.58 
6545.18 
6556.16 
6553.85 
6659.82 
6692.44 
6600.38 
6596.62 
6671.50 
6677.11 
